0.95 1872
0.95 1873
0.95 1874
0.95 2126
0.95 2127
0.95 2128
0.96 1905
0.96 1906
0.96 1907
0.96 2157
0.96 2158
0.96 2159
0.97 1939
0.97 1940
0.97 2188
0.97 2189
0.97 2190
0.98 1972
0.98 1973
0.98 1974
0.98 2219
0.98 2220
0.99 2005
0.99 2006
0.99 2007
0.99 2250
0.99 2251
1 2039
1 2040
1 2041
1 2281
1 2282
1.01 2072
1.01 2073
1.01 2074
1.01 2312
1.01 2313
1.02 2106
1.02 2107
1.02 2108
1.02 2343
1.02 2344
1.03 2139
1.03 2140
1.03 2141
1.03 2374
1.03 2375
1.04 2173
1.04 2174
1.04 2405
1.04 2406
1.05 2206
1.05 2207
1.05 2208
1.05 2436
1.05 2437
1.06 2239
1.06 2240
1.06 2241
1.06 2467
1.06 2468
1.07 2273
1.07 2274
1.07 2275
1.07 2498
1.07 2499
1.08 2306
1.08 2307
1.08 2308
1.08 2529
1.08 2530
1.09 2340
1.09 2341
1.09 2560
1.09 2561
1.1 2373
1.1 2374
1.1 2375
1.1 2591
1.1 2592
1.11 2407
1.11 2408
1.11 2622
1.11 2623
1.12 2440
1.12 2441
1.12 2442
1.12 2653
1.12 2654
1.13 2473
1.13 2474
1.13 2475
1.13 2684
1.13 2685
1.14 2507
1.14 2508
1.14 2715
1.14 2716
1.15 2540
1.15 2541
1.15 2542
1.15 2746
1.15 2747
1.16 2574
1.16 2575
1.16 2777
1.16 2778
1.17 2607
1.17 2608
1.17 2609
1.17 2808
1.17 2809
1.18 2641
1.18 2642
1.18 2839
1.18 2840
1.19 2674
1.19 2675
1.19 2870
1.19 2871
1.2 2707
1.2 2708
1.2 2709
1.2 2901
1.2 2902
1.21 2741
1.21 2742
1.21 2932
1.21 2933
1.22 2774
1.22 2775
1.22 2963
1.22 2964
1.23 2808
1.23 2809
1.23 2994
1.23 2995
1.24 2841
1.24 2842
1.24 3025
1.24 3026
1.25 2875
1.25 2876
1.25 3056
1.25 3057
1.26 2908
1.26 2909
1.26 3087
1.26 3088
1.27 2941
1.27 2942
1.27 3118
1.27 3119
1.28 2975
1.28 2976
1.28 3149
1.28 3150
1.29 3008
1.29 3009
1.29 3180
1.29 3181
1.3 3042
1.3 3043
1.3 3211
1.3 3212
1.31 3075
1.31 3076
1.31 3242
1.31 3243
1.32 3109
1.32 3273
1.32 3274
1.33 3142
1.33 3143
1.33 3304
1.33 3305
1.34 3175
1.34 3176
1.34 3335
1.34 3336
1.35 3209
1.35 3210
1.35 3366
1.35 3367
1.36 3242
1.36 3243
1.36 3397
1.36 3398
1.37 3276
1.37 3428
1.37 3429
1.38 3309
1.38 3310
1.38 3459
1.38 3460
1.39 3342
1.39 3343
1.39 3490
1.4 3376
1.4 3377
1.4 3521
1.41 3409
1.41 3410
1.41 3552
1.42 3443
1.42 3583
1.43 3476
1.43 3477
1.43 3614
1.44 3510
1.44 3645
1.45 3543
1.45 3544
1.45 3676
1.46 3576
1.46 3577
1.46 3707
1.47 3610
1.47 3738
1.48 3643
1.48 3644
1.48 3769
1.49 3677
1.49 3800
1.5 3710
1.5 3711
1.5 3831
1.51 3744
1.51 3862
1.52 3777
1.52 3893
1.53 3810
1.53 3811
1.53 3924
1.54 3844
1.54 3955
1.55 3877
1.55 3878
1.55 3986
1.56 3911
1.56 4017
1.57 3944
1.57 4048
1.58 3978
1.58 4079
1.59 4011
1.59 4110
1.6 4044
1.6 4045
1.6 4141
1.61 4078
1.61 4172
1.62 4111
1.62 4203
1.63 4145
1.63 4234
1.64 4178
1.64 4265
1.65 4211
1.65 4296
1.66 4245
1.66 4327
1.67 4278
1.67 4358
1.68 4312
1.68 4389
1.69 4345
1.69 4420
1.7 4451
1.71 4412
1.71 4482
1.72 4445
1.72 4513
1.73 4479
1.73 4544
1.74 4512
1.74 4575
1.75 4606
1.76 4579
1.76 4637
1.77 4668
1.78 4646
1.78 4699
1.79 4679
1.79 4730
1.8 4761
1.81 4746
1.81 4792
1.82 4823
1.83 4813
1.83 4854
1.84 4885
1.85 4916
1.86 4913
1.86 4947
1.87 4978
1.88 4980
1.88 5009
1.91 5080
1.93 5147
